image: lib_8th_floor_simulate_restaurant.pgm
resolution: 0.050000
origin: [-6.239706, -9.027714, 0.000000]
negate: 0
occupied_thresh: 0.65
free_thresh: 0.196

